
PRIVATE_KEY=[182,188,31,31,238,116,214,3,75,101,109,118,8,151,6,162,46,164,214,237,128,31,199,0,132,87,61,175,241,124,138,148,101,82,210,148,237,51,247,98,158,225,107,28,155,241,151,228,203,79,216,112,126,43,220,155,140,118,86,109,133,5,86,185]
PRIVATE_KEY=[113,63,214,225,21,106,98,74,29,51,180,111,33,221,187,1,164,87,27,51,33,235,55,90,251,146,75,222,175,203,22,68,164,74,100,69,217,41,175,132,229,66,57,113,188,146,151,181,177,106,253,17,225,82,190,221,59,17,137,92,215,255,216,19]
PRIVATE_KEY=[151,232,17,167,147,101,132,32,133,59,1,32,120,205,204,90,30,210,160,97,191,95,126,224,41,24,79,112,105,109,34,109,85,239,72,141,21,215,52,100,180,210,28,82,66,135,55,216,138,116,25,145,65,71,141,228,178,175,58,239,223,11,141,37]
PRIVATE_KEY=[166,201,106,246,195,74,137,32,108,198,34,12,128,8,140,23,78,181,170,64,46,145,160,172,169,219,184,78,226,106,165,224,110,127,192,74,109,156,66,233,235,84,195,57,159,220,27,193,126,86,178,122,221,223,95,71,73,25,143,205,35,122,6,194]
PRIVATE_KEY=[227,61,3,232,254,207,83,183,249,188,170,15,52,76,150,144,135,118,75,197,157,94,114,112,146,239,229,60,237,240,243,124,134,231,113,20,223,122,141,207,36,188,7,105,112,233,127,172,66,181,185,222,3,151,0,52,220,81,216,86,195,227,180,211]
PRIVATE_KEY=[4,160,205,183,151,164,21,198,2,72,238,134,154,9,1,17,234,129,176,14,204,69,105,143,38,41,85,18,132,19,229,153,212,70,58,17,172,122,176,54,111,227,80,205,55,24,116,16,143,203,128,134,11,232,241,243,65,31,0,197,135,189,216,88]
PRIVATE_KEY=[32,187,33,83,216,14,92,18,73,222,30,140,136,85,221,7,105,131,220,59,193,215,162,230,73,132,102,24,87,166,193,221,19,169,29,184,149,120,179,33,214,232,28,246,140,79,97,94,97,132,202,103,230,25,94,234,37,144,253,253,204,44,156,37]
PRIVATE_KEY=[20,54,106,133,123,69,171,236,188,79,25,72,148,212,14,104,117,185,207,234,53,101,96,165,201,183,225,231,148,213,203,82,173,255,104,198,158,227,118,121,236,232,189,248,246,201,123,144,106,224,34,58,70,220,10,75,201,85,83,186,122,67,177,80]
PRIVATE_KEY=[134,175,169,39,187,157,66,216,180,140,101,191,102,29,94,247,171,250,48,186,94,139,15,65,13,94,62,170,140,186,177,66,189,105,252,198,25,12,66,165,30,7,206,103,71,133,177,48,0,169,99,177,46,42,184,148,7,98,96,181,68,29,64,225]
PRIVATE_KEY=[157,38,112,71,82,244,67,46,163,138,1,136,197,147,254,22,242,115,92,118,48,42,128,200,13,117,95,110,100,245,72,4,137,59,117,129,253,23,241,76,73,89,230,14,49,22,205,183,146,161,227,127,138,104,14,105,36,123,27,118,165,250,56,68]
PRIVATE_KEY=[242,195,109,185,248,49,184,42,92,203,0,3,70,201,44,147,77,104,73,16,107,209,238,60,13,160,155,21,118,197,184,7,185,124,137,16,69,184,70,2,255,19,125,113,232,73,208,39,5,185,165,33,176,46,69,244,213,245,139,127,206,240,178,79]
PRIVATE_KEY=[205,207,173,4,243,75,217,24,15,223,60,131,94,142,95,174,115,71,1,243,194,178,122,114,95,145,243,223,242,2,70,37,85,42,10,227,75,100,90,232,198,66,48,176,89,35,121,196,134,76,9,53,230,165,21,74,222,126,157,104,92,65,136,209]
PRIVATE_KEY=[205,116,157,218,69,236,172,62,68,38,158,149,9,236,181,160,45,244,38,156,81,102,142,195,44,57,110,0,214,223,233,117,157,230,116,154,47,61,227,4,40,117,21,208,155,72,40,136,231,74,127,103,185,142,170,62,139,97,12,97,102,32,177,219]
PRIVATE_KEY=[102,118,172,182,139,32,82,80,218,159,92,131,27,129,198,239,67,137,248,31,196,208,220,196,110,194,122,31,147,47,53,76,215,159,9,181,51,17,115,58,59,224,70,77,146,114,135,17,97,188,99,164,178,13,248,85,229,171,15,152,177,152,151,76]
PRIVATE_KEY=[74,235,173,149,248,242,50,0,73,3,51,243,238,231,253,108,95,42,161,100,228,64,106,109,1,217,33,158,200,182,161,250,210,189,88,252,178,161,173,93,50,83,229,56,150,224,9,133,190,14,144,64,95,122,159,38,94,100,38,170,59,160,106,193]
PRIVATE_KEY=[150,74,158,7,75,37,239,79,83,120,86,211,105,252,32,113,233,157,240,202,70,121,58,253,193,68,81,229,248,18,162,138,45,229,19,148,196,240,179,39,126,177,66,242,37,202,95,252,14,111,103,90,26,175,208,123,67,40,250,213,160,15,253,64]
PRIVATE_KEY=[46,241,221,26,158,193,86,99,186,23,173,162,5,122,116,223,178,120,132,186,247,54,212,151,102,223,225,169,65,65,36,130,106,16,66,238,47,247,111,140,140,240,81,191,38,21,22,184,87,186,110,132,233,63,178,73,154,217,78,216,23,247,148,71]
PRIVATE_KEY=[76,205,96,21,28,82,77,126,92,174,213,38,196,110,52,248,202,164,162,110,99,124,125,94,87,210,41,26,13,46,52,55,226,219,126,0,14,204,165,128,81,209,35,12,176,139,127,182,141,69,90,16,52,135,17,185,164,131,145,75,100,115,166,9]
PRIVATE_KEY=[20,244,110,136,222,243,38,181,159,25,36,0,48,66,2,139,110,106,81,117,45,213,93,194,6,40,148,37,236,237,79,161,193,60,238,202,11,57,152,139,252,105,67,114,124,170,22,221,251,60,130,8,236,205,127,224,29,248,169,75,209,154,85,221]
PRIVATE_KEY=[146,202,96,145,138,38,72,165,240,93,42,129,91,234,200,201,216,47,31,113,66,31,81,44,234,209,139,242,2,170,62,16,140,37,176,199,143,34,3,241,139,81,46,9,208,60,136,15,74,143,45,33,178,7,61,108,215,53,61,92,161,196,137,143]
PRIVATE_KEY=[47,106,156,71,147,50,17,30,115,226,3,217,148,202,103,12,7,147,123,161,248,180,27,183,205,190,124,189,214,34,245,237,149,146,198,125,157,2,188,120,199,209,113,145,205,233,243,51,45,92,139,32,53,72,218,174,107,78,92,68,105,183,208,147]
PRIVATE_KEY=[191,224,81,143,209,203,100,6,37,132,179,232,192,20,132,86,3,135,134,18,18,111,12,113,19,25,63,38,130,254,113,78,40,99,70,14,253,168,40,150,73,131,13,154,210,182,234,9,41,37,34,122,40,84,99,229,4,98,19,154,220,160,8,114]
PRIVATE_KEY=[117,213,242,208,2,46,6,42,173,169,60,213,99,178,139,104,105,94,41,253,36,28,156,27,127,25,220,179,117,174,20,41,175,213,57,131,118,76,192,136,181,134,46,9,124,121,216,150,96,131,40,214,14,59,207,59,37,17,51,225,13,63,0,241]
PRIVATE_KEY=[192,199,100,153,194,144,142,56,94,152,35,162,128,73,204,147,45,231,71,204,54,99,213,48,220,217,140,44,141,213,212,196,185,67,201,202,6,55,214,67,88,255,183,136,240,74,97,210,102,219,100,54,149,238,232,80,101,41,217,100,235,110,120,197]
PRIVATE_KEY=[137,217,105,207,73,43,117,252,122,90,18,77,229,120,134,14,92,222,215,208,26,61,224,18,34,151,94,212,82,202,216,148,172,206,117,234,246,58,193,177,155,91,88,251,24,93,132,253,52,133,153,98,209,127,61,24,18,187,77,126,49,83,242,239]
PRIVATE_KEY=[220,130,97,114,98,181,169,215,81,124,221,15,184,72,209,91,180,162,200,148,155,130,224,196,170,57,113,10,25,199,222,208,242,171,44,222,122,152,92,213,20,175,177,116,198,238,209,197,7,240,237,147,82,120,65,115,118,117,71,239,218,109,111,147]
PRIVATE_KEY=[62,163,242,113,174,5,192,49,45,217,140,12,180,25,206,219,21,254,50,112,119,78,141,128,178,147,153,127,125,254,153,136,48,192,250,213,138,199,226,20,148,17,183,182,12,5,78,151,29,92,205,183,209,52,221,78,53,38,231,75,194,59,38,138]
PRIVATE_KEY=[12,22,0,26,46,138,129,6,13,177,40,150,178,136,234,54,150,177,193,1,148,6,61,205,169,203,104,175,228,109,255,214,210,124,47,166,235,16,42,46,173,60,220,38,64,146,25,155,104,1,197,139,193,44,216,78,221,212,185,119,137,188,125,210]
PRIVATE_KEY=[9,227,233,133,126,3,94,79,143,137,21,225,173,113,99,241,134,112,178,147,230,168,148,58,214,63,98,10,83,145,38,126,139,182,85,4,231,38,92,243,97,206,192,234,181,217,188,134,201,16,71,105,163,105,216,189,1,15,20,5,76,212,157,122]
PRIVATE_KEY=[89,159,181,179,229,116,158,73,207,31,177,45,38,28,52,54,30,115,95,120,41,34,2,148,133,148,93,227,105,180,126,83,160,18,47,204,117,231,180,108,175,143,215,62,65,239,253,37,152,72,198,66,6,190,113,181,200,195,186,223,27,2,187,51]
PRIVATE_KEY=[235,135,39,196,165,4,19,112,217,114,56,90,108,27,34,5,176,47,8,4,19,96,211,211,45,14,125,35,125,211,30,35,193,16,58,62,77,250,253,86,237,97,2,237,78,95,67,205,132,229,209,27,50,138,55,145,117,186,132,193,210,209,214,70]
PRIVATE_KEY=[144,18,109,179,92,32,107,213,2,46,17,138,154,40,73,79,209,255,26,63,4,208,10,38,77,71,120,136,2,155,53,122,238,11,107,1,250,52,108,94,77,219,31,220,252,174,166,164,221,128,20,30,110,135,72,253,152,176,164,204,114,134,74,243]
PRIVATE_KEY=[197,228,217,138,3,101,108,126,196,210,122,227,28,220,111,14,59,183,96,82,6,60,120,34,2,106,5,161,149,142,122,32,26,137,227,66,27,201,208,234,1,116,20,93,207,173,65,116,239,158,162,75,231,158,167,246,44,91,138,205,49,44,60,125]